,79.78,9052,-192,11372
242356,79.78,9136,-228,11380
242373,79.80,9076,-252,11568
242390,79.39,9064,-256,11284
242407,79.80,8992,-300,11336
242424,79.78,8884,-432,11364
242441,80.19,8936,-400,11640
242458,79.39,8988,-372,11176
242475,79.40,8988,-356,11452
242492,79.82,9124,-236,11348
242509,79.80,9064,-292,11360
242526,79.39,9040,-296,11324
242543,79.82,9172,-280,11560
242560,79.35,9124,-276,11320
242577,79.80,9008,-288,11452
242594,79.37,8896,-364,11540
242611,79.37,9012,-320,11452
242628,79.78,9008,-292,11688
242645,79.78,8872,-284,11568
242662,80.18,9080,-284,11816
242679,80.59,9048,-316,11656
242696,80.57,8944,-384,11720
242713,79.70,8828,-912,11460
242730,79.68,9348,-192,11340
242747,79.63,8596,-1084,13020
242764,80.06,6284,1660,7768
242781,80.00,9624,60,9520
242798,79.52,6408,424,9556
242815,80.35,4884,-352,10560
242832,79.01,5128,-780,10592
242849,79.27,4284,-288,10876
242866,78.67,6296,-628,10152
242883,78.43,5160,-776,12688
242900,78.55,5036,-476,11764
242917,78.24,5724,-584,11752
242934,78.24,5192,-396,12184
242951,77.83,4956,-660,12452
242968,76.92,6220,-420,11516
242985,76.39,4596,-812,11308
243002,75.75,5112,-536,10932
243019,74.69,4996,-288,10392
243036,74.84,4496,-752,11296
243052,74.09,5608,-392,10724
243068,74.23,4332,-844,11508
243084,72.18,6084,108,11008
243100,70.95,4172,-688,12328
243116,70.88,6444,16,10148
243132,69.53,4936,-728,11724
243148,69.05,4856,-96,10228
243164,68.03,5484,-428,11944
243180,66.58,6080,-472,11532
243196,65.94,6008,-340,10732
243212,64.81,6288,-576,12168
243228,64.12,5972,-556,11596
243244,62.12,5620,-260,11796
243260,60.44,6352,-248,11716
243276,59.18,5204,-412,12364
243292,57.85,6216,-444,11364
243307,56.90,5820,-456,11860
243322,56.05,5792,-68,11520
243337,55.99,5576,4,11544
243352,55.48,5776,-88,11612
243367,54.09,5124,196,11716
243382,53.58,5468,-140,11712
243397,53.49,5696,-532,12012
243412,51.69,5160,-476,11420
243427,45.62,5192,-596,11800
243442,44.57,5640,-500,11668
243457,42.24,5620,-452,11784
243471,39.05,5556,-484,12220
243485,37.20,5552,-472,11844
243499,36.15,5680,-328,12276
243513,34.73,5716,-276,12148
243527,33.20,5600,-100,12056
243541,32.10,5528,-124,12032
243555,30.10,5952,-76,11424
243569,28.55,5660,-276,12052
243583,26.96,5680,-328,12080
243597,25.33,5692,-432,12096
243611,24.13,5428,-200,11992
243624,22.02,5428,-600,12392
243637,20.44,5588,-532,12336
243650,18.85,5924,-484,11696
243663,17.25,6104,-552,12316
243676,15.61,5836,-360,12676
243689,13.50,6020,-32,12576
243702,12.28,6188,-164,12492
243715,10.17,5884,-244,11672
243728,8.88,6876,-316,11880
243741,6.72,6868,-432,11632
243753,4.61,7832,-1356,12856
243765,3.69,32767,-1916,-2228
243777,3.64,32767,31400,32767
243789,4.20,10448,2432,25080
243801,4.15,32767,-2964,-18668
243813,4.15,-9204,-1132,11268
243825,4.58,-11096,-2364,3976
243837,5.28,-9640,1840,-1044
243849,4.61,-7228,-1972,28200
243861,5.13,4372,-2932,8
243873,5.54,1680,-3560,13616
243885,4.61,1892,-892,3804
243897,4.51,9400,1456,14188
243909,4.89,10640,572,11232
243921,5.23,9120,1704,9200
243933,5.13,12932,1464,6520
243945,5.13,14752,-2132,16688
243957,5.54,9044,-2340,12284
243969,4.66,7104,788,10676
243981,5.13,8232,144,9616
243993,5.13,9056,-1232,14088
244005,5.13,8176,-380,12384
244017,5.59,7728,768,9596
244029,5.59,7932,12,11732
244041,5.18,7464,-1168,13560
244053,5.18,7052,84,12848
244065,5.18,7180,84,13588
244077,5.18,7768,-200,12536
244089,5.18,8600,-28,9636
244101,5.59,8556,-328,11884
244113,5.59,8144,-116,13156
244125,5.59,7200,516,10392
244137,5.59,8496,-1008,13424
244149,5.13,8748,-516,10416
244161,5.13,8832,236,9744
244173,5.59,8140,-712,14020
244185,5.18,7404,-8,12192
244197,5.18,7640,128,11176
244209,5.59,8320,-908,14432
244221,5.59,8464,-104,9928
244233,5.13,8256,80,10524
244245,5.59,8140,-888,14500
244257,5.59,7556,232,11040
244269,5.59,7888,-104,11244
244281,5.59,8444,-696,12876
244293,5.13,8120,480,9244
244305,5.59,8288,-216,12300
244317,5.18,7540,-756,14640
244329,5.59,7448,520,10204
244341,5.59,8456,-864,13100
244353,5.13,8828,-648,11188
244365,5.13,8516,536,9440
244377,5.59,7832,-880,14484
244389,5.59,7548,-48,12228
244401,5.59,8060,284,10044
244413,5.59,8404,-1112,14580
244425,5.13,8120,120,9896
244437,5.13,8024,224,10872
244449,5.59,7948,-976,15544
244461,5.59,7616,304,10444
244473,5.59,8016,-208,11260
244485,5.14,8560,-720,12656
244497,5.13,8312,372,9600
244509,5.59,7992,-524,12836
244521,5.59,7704,-484,13616
244533,5.59,7892,328,10136
244545,5.59,8496,-876,12968
244557,5.13,8604,-460,11104
244569,5.59,8028,344,10248
244581,5.59,7764,-756,14044
244593,5.59,7764,-36,11880
244605,5.59,8184,156,10576
244617,5.59,8440,-932,13308
244629,5.13,8204,72,10264
244641,5.59,8032,44,11484
244653,5.59,7892,-848,14504
244665,5.59,7776,148,10832
244677,5.59,8256,-344,11632
244689,5.59,8496,-604,12412
244701,5.59,8204,248,10172
244713,5.59,7808,-228,12748
244725,5.59,7728,-508,13320
244737,5.59,8088,152,10396
244749,5.59,8372,-620,12420
244761,5.13,8268,-384,11536
244773,5.59,8108,292,10824
244785,5.59,7944,-540,13696
244797,5.59,7852,-152,11844
244809,5.59,8256,76,10720
244821,5.59,8444,-592,12712
244833,5.59,8196,60,10956
244845,5.59,7816,16,11816
244857,5.18,7880,-576,13932
244869,5.59,7972,60,10916
244881,5.59,8192,-220,11408
244893,5.59,8484,-584,12444
244905,5.59,8160,212,10752
244917,5.59,7632,-344,12620
244929,5.59,7840,-456,13096
244941,5.59,8144,-48,10400
244953,5.59,8504,-528,12092
244965,5.13,8184,-320,11744
244977,5.59,8032,176,11188
244989,5.59,7984,-508,13292
245001,5.59,7936,-204,12016
245013,5.59,8112,-116,10968
245025,5.59,8468,-540,12236
245037,5.59,8128,-96,11216
245049,5.59,7880,-68,11984
245061,5.59,7932,-476,13188
245073,5.59,8096,-48,11088
245085,5.59,8324,-228,11448
245097,5.14,8300,-452,12308
245109,5.59,8132,40,11236
245121,5.59,7924,-260,12684
245133,5.59,7868,-412,12668
245145,5.59,8292,-76,10952
245157,5.59,8420,-412,11824
245169,5.59,8152,-288,11932
245181,5.59,7784,40,11624
245193,5.59,7940,-368,12948
245205,5.59,8108,-240,12024
245217,5.59,8252,-148,11060
245229,5.59,8404,-436,12064
245241,5.59,8100,-100,11888
245253,5.59,7828,-100,12008
245265,5.59,7816,-484,12892
245277,5.59,8144,-32,11344
245289,5.59,8408,-188,11536
245301,5.59,8100,-464,12248
245313,5.59,8000,-88,11832
245325,5.59,8004,-256,12388
245337,5.59,8108,-336,12324
245349,5.59,8172,-224,11136
245361,5.59,8284,-356,11692
245373,5.59,8368,-184,12136
245385,5.59,7832,-80,11876
245397,5.18,7972,-368,12668
245409,5.59,8188,-244,12044
245421,5.59,8180,-236,11172
245433,5.59,8108,-472,11956
245445,5.59,8064,-280,12044
245457,5.59,7876,-108,11860
245469,5.59,7932,-356,12328
245481,5.59,8068,-272,11496
245493,5.59,8360,-220,11516
245505,5.59,8156,-404,12024
245517,5.59,7920,-120,12016
245529,5.59,8008,-96,12128
245541,5.59,8068,-412,12184
245553,5.59,8144,-264,11288
245565,5.59,8276,-220,11744
245577,5.59,8232,-300,12040
245589,5.18,7780,-140,12000
245601,5.18,7932,-292,12384
245613,5.59,8200,-352,11912
245625,5.59,8264,-188,11228
245637,5.59,8204,-304,11940
245649,5.59,7952,-252,12208
245661,5.59,8000,-108,12040
245673,5.18,7884,-336,12264
245685,5.59,8056,-308,11588
245697,5.59,8284,-172,11432
245709,5.59,8208,-300,12128
245721,5.59,8020,-208,12120
245733,5.59,7860,-304,12008
245745,5.59,8192,-288,12088
245757,5.59,8152,-240,11372
245769,5.59,8204,-224,11624
245781,5.59,8020,-264,12348
245793,5.59,7888,-180,12252
245805,5.59,7892,-176,12020
245817,5.59,8172,-304,11752
245829,5.59,8364,-188,11276
245841,5.59,8152,-328,11704
245853,5.59,7868,-308,12304
245865,5.59,7896,-64,11948
245877,5.59,8156,-320,11936
245889,5.59,8248,-304,11564
245901,5.59,8200,-300,11508
245913,5.59,8208,-296,12008
245925,5.59,7912,-164,12156
245937,5.59,7860,-208,11956
245949,5.59,8212,-272,11996
245961,5.59,8244,-200,11612
245973,5.59,8052,-160,11536
245985,5.59,8000,-268,12308
245997,5.61,7988,-144,12032
246009,5.59,7996,-124,11872
246021,5.59,8200,-376,11776
246033,5.59,8220,-156,11628
246045,5.59,8128,-148,11968
246057,5.59,7768,-288,12244
246069,5.59,7976,-180,11940
246081,5.61,8196,-204,11952
246093,5.13,8204,-204,11720
246105,5.59,8044,-196,11536
246117,5.59,8064,-372,11936
246129,5.59,8052,-132,12048
246141,5.59,7960,-208,11840
246153,5.59,8116,-372,11876
246165,5.59,8220,-144,11668
246177,5.13,8152,-192,11876
246189,5.59,7912,-308,12336
246201,5.59,8016,-188,12064
246213,5.59,8140,-204,11884
246225,5.59,8136,-320,11720
246237,5.59,8252,-240,11712
246249,5.59,8084,-244,12080
246261,5.59,7908,-192,12360
246273,5.59,7908,-268,11652
246285,5.59,8164,-212,11752
246297,5.59,8296,-308,11780
246309,5.59,8128,-204,11712
246321,5.59,8076,-320,12284
246333,5.59,8156,-240,12176
246345,5.59,8060,-244,11648
246357,5.59,8216,-396,11824
246369,5.59,8212,-328,11688
246381,5.59,8068,-168,11788
246393,5.59,7936,-288,12304
246405,5.59,7916,-168,11848
246417,5.59,8100,-244,11800
246429,5.59,8256,-300,11776
246441,5.59,8048,-164,11668
246453,5.59,7980,-200,12096
246465,5.59,8088,-268,12368
246477,5.59,8052,-192,11832
246489,5.59,8092,-264,11780
246501,5.59,8224,-272,11592
246513,5.59,8136,-228,11760
246525,5.59,7984,-240,12180
246537,5.59,7976,-324,12096
246549,5.59,8036,-184,11740
246561,5.59,8196,-212,11608
246573,5.18,8148,-248,11772
246585,5.18,8244,-144,11808
246597,5.59,8040,-232,12096
246609,5.59,7984,-212,12032
246621,5.59,8240,-128,11828
246633,5.59,8320,-316,11780
246645,5.59,8068,-304,11680
246657,5.59,7960,-148,11828
246669,5.59,8096,-288,12164
246681,5.59,8096,-228,11804
246693,5.59,8068,-268,11788
246705,5.59,8232,-284,11960
246717,5.59,8136,-148,11612
246729,5.18,7912,-292,12156
246741,5.59,7984,-280,12132
246753,5.59,8156,-204,11648
246765,5.59,8160,-232,11836
246777,5.59,8132,-240,11916
246789,5.59,8140,-248,11868
246801,5.59,8012,-268,12248
246813,5.59,8056,-280,11956
246825,5.59,8084,-304,11696
246837,5.59,8256,-276,11876
246849,5.59,8284,-244,11764
246861,5.59,8020,-224,12052
246873,5.59,8052,-380,12272
246885,5.59,8184,-108,11684
246897,5.59,8132,-296,11624
246909,5.18,8060,-288,11876
246921,5.59,8144,-184,11872
246933,5.59,8084,-232,12232
246945,5.59,7964,-216,12084
246957,5.18,8044,-268,11688
246969,5.59,8224,-284,11808
246981,5.59,8048,-244,11960
246993,5.59,7984,-184,12040
247005,5.18,8040,-232,12044
247017,5.59,8140,-284,11800
247029,5.59,8084,-264,11576
247041,5.59,8088,-308,11860
247053,5.13,8128,-204,11900
247065,5.59,7932,-236,11996
247077,5.18,7920,-284,12020
247089,5.59,8192,-220,11748
247101,5.59,8232,-208,11800
247113,5.59,8144,-312,11980
247125,5.59,8096,-188,12020
247137,5.59,8128,-128,11924
247149,5.59,8000,-220,11976
247161,5.59,8132,-236,11656
247173,5.59,8312,-304,11832
247185,5.59,8108,-184,11884
247197,5.59,8060,-156,11972
247209,5.18,7984,-220,12016
247221,5.59,8156,-196,11860
247233,5.59,8116,-136,11656
247245,5.59,8136,-268,11764
247257,5.59,8144,-232,11864
247269,5.59,7988,-180,12112
247281,5.18,7924,-324,11892
247293,5.59,8264,-268,12012
247305,5.59,8292,-168,11872
247317,5.59,8140,-176,11932
247329,5.59,8028,-200,12000
247341,5.59,8024,-288,12020
247353,5.18,8176,-112,11836
247365,5.59,8124,-268,11644
247377,5.59,8132,-208,11848
247389,5.59,8164,-136,11876
247401,5.59,7996,-164,11932
247413,5.59,8048,-248,12072
247425,5.59,8112,-148,11868
247437,5.59,8216,-200,11636
247449,5.59,8024,-248,12028
247461,5.59,8000,-280,12020
247473,5.59,8080,-140,11976
247485,5.18,8164,-196,12048
247497,5.18,7948,-284,11732
247509,5.18,8324,-288,11696
247521,5.18,8164,-208,11872
247533,5.59,8056,-208,11948
247545,5.18,7992,-336,12032
247557,5.59,8156,-188,11904
247569,5.59,8112,-272,11676
247581,5.59,8084,-260,11764
247593,5.18,8100,-268,12000
247605,5.59,8112,-144,12068
247617,5.59,7940,-244,11900
247629,5.18,8128,-248,11764
247641,5.59,8212,-216,11852
247653,5.59,8064,-216,11956
247665,5.18,8032,-296,12028
247677,5.18,8172,-164,12056
247689,5.59,8128,-240,11928
247701,5.59,8004,-304,11856
247713,5.59,8100,-316,11720
247725,5.59,8112,-216,11956
247737,5.18,8012,-192,11948
247749,5.18,8076,-288,12040
247761,5.59,8276,-372,11812
247773,5.59,8188,-244,11788
247785,5.18,7968,-276,11852
247797,5.18,7960,-268,11984
247809,5.18,8136,-176,12012
247821,5.18,8032,-248,11960
247833,5.18,8048,-208,11816
247845,5.18,8248,-220,11804
247857,5.59,8180,-352,12028
247869,5.18,7996,-256,11880
247881,5.18,8072,-248,11912
247893,5.59,8200,-224,11968
247905,5.18,8184,-236,11792
247917,5.59,7992,-260,11684
247929,5.59,8084,-224,11904
247941,5.18,8144,-200,12000
247953,5.18,7876,-260,11920
247965,5.18,8208,-276,11792
247977,5.59,8248,-116,11876
247989,5.18,8044,-216,11996
248001,5.18,7876,-288,12008
248013,5.18,8092,-268,11864
248025,5.59,8108,-200,11824
248037,5.59,7916,-224,11712
248049,5.18,8060,-304,11764
248061,5.59,8124,-208,11940
248073,5.59,8068,-240,12080
248085,5.18,7988,-200,11936
248097,5.59,8144,-216,11800
248109,5.18,8184,-224,11808
248121,5.18,8008,-200,11976
248133,5.18,8100,-268,11964
248145,5.18,8116,-172,12016
248157,5.18,8128,-272,11812
248169,5.59,7968,-296,11940
248181,5.18,8128,-220,11740
248193,5.18,8176,-216,11948
248205,5.18,7892,-236,12032
248217,5.18,8008,-276,12080
248229,5.59,8200,-236,11876
248241,5.59,8056,-216,11844
248253,5.18,8104,-200,11772
248265,5.59,8156,-120,11844
248277,5.18,8088,-132,12008
248289,5.18,8008,-168,11848
248301,5.59,8072,-240,11764
248313,5.18,8068,-188,11756
248325,5.59,8048,-176,11876
248337,5.18,7916,-292,11968
248349,5.18,8100,-328,11868
248361,5.59,8180,-264,11916
248373,5.18,8036,-280,11788
248385,5.18,8040,-280,11840
248397,5.59,8028,-364,11868
248409,5.59,8052,-308,11976
248421,5.59,8144,-196,11884
248433,5.18,8032,-284,11860
248445,5.59,8076,-212,11908
248457,5.59,8252,-332,12024
248469,5.59,8144,-160,11904
248481,5.59,7968,-268,11976
248493,5.59,8084,-248,11820
248505,5.59,8188,-220,11820
248517,5.59,8020,-292,11780
248529,5.18,7944,-260,11860
248541,5.59,8172,-244,12000
248553,5.59,8092,-144,11868
248565,5.18,8048,-256,11852
248577,5.59,8188,-200,11832
248589,5.59,8288,-260,11948
248601,5.59,7976,-264,12008
248613,5.18,7948,-200,11968
248625,5.59,8212,-268,11868
248637,5.59,8192,-160,11940
248649,5.59,8040,-248,11888
248661,5.59,8108,-296,11852
248673,5.18,8276,-160,11960
248685,5.18,7996,-224,11884
248697,5.59,8064,-324,11864
248709,5.59,8168,-224,11944
248721,5.59,8144,-248,11844
248733,5.59,7988,-216,11928
248745,5.59,8096,-244,11936
248757,5.59,8164,-248,11792
248769,5.59,8012,-252,11852
248781,5.59,8096,-228,11892
248793,5.18,8136,-188,11948
248805,5.59,8076,-184,11968
248817,5.18,7956,-276,11892
248829,5.59,8088,-248,11816
248841,5.59,8084,-208,11860
248853,5.59,7988,-212,11732
248865,5.59,8024,-188,11948
248877,5.59,8112,-228,11900
248889,5.59,8048,-252,11904
248901,5.59,8088,-284,11700
248913,5.59,8084,-216,11872
248925,5.59,8144,-180,11844
248937,5.59,8020,-216,11828
248949,5.18,7948,-204,11980
248961,5.59,8140,-264,12004
248973,5.59,8188,-240,11804
248985,5.59,8064,-244,11912
248997,5.59,8148,-232,12120
249009,5.59,8128,-184,12020
249021,5.18,8100,-192,11964
249033,5.59,8140,-184,11904
249045,5.59,8040,-196,11736
249057,5.59,8180,-200,11916
249069,5.18,8024,-260,11964
249081,5.59,7996,-236,12100
249093,5.18,8224,-300,11908
249105,5.18,7984,-228,11804
249117,5.18,8112,-304,11844
249129,5.59,8196,-336,11876
249141,5.59,8724,-220,11852
249153,5.18,7904,-248,11820
249165,5.61,8184,-212,11780
249177,5.18,8184,-208,12072
249189,5.59,7892,-228,11932
249201,5.59,8040,-316,11984
249213,5.18,8004,-176,11780
249225,5.18,8088,-340,12084
249237,5.18,8080,-324,11864
249249,5.59,7992,-228,11916
249261,5.59,8288,-264,11948
249273,5.59,8072,-252,11880
249285,5.59,7928,-240,11812
249297,5.59,8140,-176,11996
249309,5.18,8144,-180,11764
249321,5.18,8060,-276,11940
249333,5.59,7940,-288,11912
249345,5.18,8052,-252,12008
249357,5.18,8108,-232,12120
249369,5.18,7948,-284,11632
249381,5.18,8212,-212,12012
249393,5.59,8080,-296,11868
249405,5.59,7864,-276,11988
249417,5.59,8044,-292,11924
249429,5.59,8184,-228,11860
249441,5.18,8152,-260,11868
249453,5.59,7936,-176,11908
249465,5.59,8100,-268,11940
249477,5.59,8084,-208,12016
249489,5.59,8024,-244,11948
249501,5.59,8096,-196,11828
249513,5.59,8096,-164,11836
249525,5.59,8144,-252,12016
249537,5.59,8020,-212,11864
249549,5.59,8108,-280,11844
249561,5.59,8068,-152,11992
249573,5.59,7956,-256,11744
249585,5.59,8172,-248,11884
249597,5.18,8228,-232,11956
249609,5.59,8060,-248,12232
249621,5.18,7996,-280,11884
249633,5.59,8176,-248,11896
249645,5.59,8052,-180,11904
249657,5.59,7980,-284,11880
249669,5.59,8088,-220,11884
249681,5.61,8116,-192,11928
249693,5.59,8028,-224,12084
249705,5.59,8036,-308,11752
249717,5.59,8156,-308,11768
249729,5.59,8140,-252,11964
249741,5.59,8020,-172,11924
249753,5.59,8072,-208,11968
249765,5.59,8196,-216,11956
249777,5.59,8180,-168,11852
249789,5.59,7932,-300,11876
249801,5.59,8184,-204,11956
249813,5.59,8196,-260,11964
249825,5.59,7956,-300,11772
249837,5.59,8148,-144,11816
249849,5.59,8204,-252,11852
249861,5.59,8144,-268,11944
249873,5.59,8040,-328,12052
249885,5.59,8088,-240,12004
249897,5.59,8128,-236,11868
249909,5.59,7980,-296,11872
249921,5.59,8080,-208,11964
249933,5.59,8152,-192,11820
249945,5.59,8036,-292,11780
249957,5.59,8060,-176,11788
249969,5.59,8088,-220,11904
249981,5.59,8100,-164,11816
249993,5.59,8060,-256,11772
250005,5.59,8000,-224,12028
250017,5.61,8120,-252,11948
250029,5.59,8044,-240,11920
250041,5.59,8016,-340,11988
250053,5.59,8056,-204,11820
250065,5.59,8212,-200,11948
250077,5.59,7964,-316,11964
250089,5.18,8128,-272,11796
250101,5.18,8168,-164,11828
250113,5.59,8080,-264,12120
250125,5.59,8080,-260,11884
250137,5.59,8212,-272,11904
250149,5.59,8180,-244,11912
250161,5.18,8032,-284,12056
250173,5.59,8136,-300,11940
250185,5.59,8084,-148,11904
250197,5.59,7996,-248,11820
250209,5.59,7976,-336,11988
250221,5.59,8148,-324,11832
250233,5.59,8144,-216,11852
250245,5.59,7956,-232,11852
250257,5.59,8032,-232,12028
250269,5.59,8152,-268,11812
250281,5.59,8052,-200,11972
250293,5.59,7964,-180,11980
250305,5.59,8156,-288,11808
250317,5.59,8076,-244,11936
250329,5.59,8020,-208,11888
250341,5.59,8032,-304,11804
250353,5.59,8168,-204,11988
250365,5.18,8100,-228,11692
250377,5.59,8020,-328,11800
250389,5.59,8132,-332,11944
250401,5.59,8104,-216,11856
250413,5.59,8024,-324,11820
250425,5.59,7948,-192,11852
250437,5.59,8020,-232,11884
250449,5.59,8152,-200,11776
250461,5.59,8068,-228,11944
250473,5.59,8108,-228,11844
250485,5.59,8132,-184,11960
250497,5.59,8076,-296,12036
250509,5.59,8100,-268,11736
250521,5.59,8176,-116,11720
250533,5.59,8080,-216,11892
250545,5.18,8088,-312,11824
250557,5.59,8116,-180,11884
250569,5.59,8208,-180,11784
250581,5.18,7996,-272,11840
250593,5.59,8052,-292,11928
250605,5.18,8096,-220,11956
250617,5.59,8032,-192,11992
250629,5.59,8000,-220,11780
250641,5.59,8052,-176,11992
250653,5.59,8152,-108,11920
250665,5.59,8036,-244,11928
250677,5.59,8104,-208,11920
250689,5.59,8228,-224,12052
250701,5.59,8064,-184,11984
250713,5.18,7888,-188,12024
250725,5.59,8088,-176,11956
250737,5.59,8084,-116,11980
250749,5.59,8120,-328,11736
250761,5.59,8124,-264,11924
250773,5.59,8140,-216,11956
250785,5.61,8128,-284,11892
250797,5.59,8032,-284,11860
250809,5.59,8180,-316,11984
250821,5.59,8096,-220,12040
250833,5.59,8000,-192,11924
250845,5.59,8016,-364,11988
250857,5.59,8228,-208,11692
250869,5.59,8012,-240,11968
250881,5.59,8008,-272,12004
250893,5.59,8112,-248,11904
250905,5.59,8032,-168,11976
250917,5.59,7960,-384,11928
250929,5.59,8000,-288,11816
250941,5.59,8196,-108,12008
250953,5.59,8060,-68,11964
250965,5.59,8008,-276,11848
250977,5.59,8120,-320,11908
250989,5.59,8144,-224,11796
251001,5.59,8032,-248,11912
251013,5.59,8036,-232,11896
251025,5.59,8196,-248,11996
251037,5.59,8048,-132,11936
251049,5.59,8108,-244,11876
251061,5.59,8128,-228,11844
251073,5.18,8200,-188,11840
251085,5.59,8008,-196,11968
251097,5.59,8052,-216,11804
251109,5.59,8148,-284,11796
251121,5.59,8028,-180,12020
251133,5.59,8072,-104,11848
251145,5.18,8156,-212,11860
251157,5.59,8188,-220,11812
251169,5.59,7996,-264,12052
251181,5.59,8100,-284,11852
251193,5.59,8216,-256,11896
251205,5.59,8068,-248,11884
251217,5.59,7952,-224,11868
251229,5.59,8156,-216,11844
251241,5.59,8172,-192,11900
251253,5.59,8104,-212,11908
251265,5.59,8080,-196,11856
251277,5.59,8060,-216,11868
251289,5.59,8156,-192,11868
251301,5.59,8040,-232,11760
251313,5.59,8200,-180,11924
251325,5.18,8220,-232,11772
251337,5.59,8036,-140,11884
251349,5.59,7996,-292,12012
251361,5.59,8024,-224,11896
251373,5.59,8088,-276,11960
251385,5.59,8036,-336,11916
251397,5.59,8160,-248,11868
251409,5.59,8160,-236,11964
251421,5.59,7980,-292,11928
251433,5.59,8072,-296,11756
251445,5.18,8208,-280,11772
251457,5.59,8032,-212,11788
251469,5.59,7940,-208,11760
251481,5.59,8060,-284,11848
251493,5.59,8220,-140,11988
251505,5.59,7996,-264,11832
251517,5.59,8120,-252,11936
251529,5.59,8180,-260,11804
251541,5.59,8052,-212,12064
251553,5.59,8100,-248,11992
251565,5.18,8124,-232,11872
251577,5.59,8244,-252,11844
251589,5.59,8000,-352,11868
251601,5.18,8044,-264,11840
251613,5.59,8096,-240,11892
251625,5.59,8152,-168,11964
251637,5.59,8080,-288,11768
251649,5.59,8052,-284,11808
251661,5.18,8148,-148,11968
251673,5.59,8084,-224,11924
251685,5.59,8020,-108,11872
251697,5.59,8176,-268,11976
251709,5.59,8012,-196,11776
251721,5.59,8100,-260,12012
251733,5.59,8088,-196,11884
251745,5.59,8092,-156,11896
251757,5.59,7980,-244,12120
251769,5.59,8004,-200,11956
251781,5.59,8180,-272,11916
251793,5.59,8216,-188,11796
251805,5.59,8036,-188,11928
251817,5.59,8100,-348,12028
251829,5.59,8140,-228,11844
251841,5.59,7944,-280,11808
251853,5.59,7944,-180,11960
251865,5.59,8196,-196,11812
251877,5.59,8100,-196,12080
251889,5.59,8032,-304,11848
251901,5.59,7944,-308,11872
251913,5.59,8180,-248,11836
251925,5.61,8060,-248,11764
251937,5.59,8016,-264,12028
251949,5.59,8224,-108,11916
251961,5.59,8204,-212,11808
251973,5.59,8080,-384,12000
251985,5.59,8160,-180,11704
251997,5.59,8100,-188,11860
252009,5.59,7968,-380,11856
252021,5.59,7976,-192,11880
252033,5.59,8112,-180,12032
252045,5.59,8144,-192,12068
252057,5.59,8028,-288,11988
252069,5.59,8116,-252,11824
252081,5.59,8104,-232,11940
252093,5.59,8132,-292,12128
252105,5.59,8036,-164,11852
252117,5.18,8088,-196,11920
252129,5.59,8184,-280,12000
252141,5.59,7988,-320,11788
252153,5.59,8112,-208,11980
252165,5.59,8112,-176,11928
252177,5.59,8012,-252,11896
252189,5.59,8020,-256,11888
252201,5.59,8012,-288,11916
252213,5.59,8020,-268,11932
252225,5.59,7988,-260,11876
252237,5.59,8080,-280,11680
252249,5.59,8128,-192,12016
252261,5.59,8116,-204,11796
252273,5.59,8016,-232,11996
252285,5.18,8040,-316,11916
252297,5.59,8160,-204,11928
252309,5.18,8012,-232,11868
252321,5.18,8092,-256,11768
252333,5.59,8216,-196,11812
252345,5.59,8096,-184,11964
252357,5.59,8124,-292,11804
252369,5.59,8136,-284,11816
252381,5.59,8204,-240,11848
252393,5.59,8000,-236,11952
252405,5.59,7932,-224,11928
252417,5.59,8228,-176,11908
252429,5.18,8048,-284,11868
252441,5.59,7972,-224,12084
252453,5.59,8112,-156,11920
252465,5.59,8072,-220,11872
252477,5.59,8012,-260,11812
252489,5.59,8076,-184,11804
252501,5.59,8172,-268,11916
252513,5.59,8076,-168,11800
252525,5.59,8052,-276,11908
252537,5.59,8256,-236,11876
252549,5.59,8068,-164,11844
252561,5.59,8024,-296,11684
252573,5.59,8048,-244,11896
252585,5.59,8176,-244,11960
252597,5.59,8100,-176,11904
252609,5.18,8000,-184,11824
252621,5.59,8108,-196,11860
252633,5.59,8088,-136,12028
252645,5.59,8044,-168,11960
252657,5.59,8116,-232,11900
252669,5.18,8156,-216,11956
252681,5.59,8108,-272,11988
252693,5.59,8108,-300,11912
252705,5.59,8144,-256,11964
252717,5.59,8160,-216,11840
252729,5.18,7992,-228,11948
252741,5.59,8052,-216,11952
252753,5.59,8108,-244,12012
252765,5.59,8060,-188,11852
252777,5.59,8076,-204,11756
252789,5.18,8148,-200,11760
252801,5.59,8108,-236,11812
252813,5.59,8032,-184,11932
252825,5.59,8068,-264,12048
252837,5.59,8076,-220,11872
252849,5.59,7992,-112,11804
252861,5.59,7944,-236,11908
252873,5.59,8148,-176,11876
252885,5.59,8112,-188,11880
252897,5.59,7996,-256,12040
252909,5.59,7944,-300,11884
252921,5.59,8136,-252,11868
252933,5.59,8072,-220,11884
252945,5.59,8044,-264,11632
252957,5.59,8124,-252,11880
252969,5.59,8132,-200,11932
252981,5.59,8008,-248,11808
252993,5.59,8044,-328,11912
253005,5.59,8032,-244,11888
253017,5.59,8040,-316,11932
253029,5.59,8024,-260,11704
253041,5.59,8224,-200,11860
253053,5.59,8080,-80,11784
253065,5.59,8000,-252,12004
253077,5.59,8084,-268,11948
253089,5.59,8160,-212,11804
253101,5.59,8136,-212,11948
253113,5.59,8024,-216,11816
253125,5.59,8112,-272,11928
253137,5.59,8112,-244,11844
253149,5.59,8080,-264,11864
253161,5.59,8012,-228,11904
253173,5.59,8116,-316,11924
253185,5.59,8032,-244,11800
253197,5.18,7972,-264,11844
253209,5.18,8160,-260,11932
253221,5.59,8160,-172,11876
253233,5.18,8020,-220,11876
253245,5.59,8004,-224,11956
253257,5.59,8028,-200,11904
253269,5.59,8144,-260,11840
253281,5.59,7992,-180,12020
253293,5.18,8184,-188,11844
253305,5.59,8136,-184,11992
253317,5.59,7980,-236,11824
253329,5.59,8080,-236,11940
253341,5.59,8240,-260,11912
253353,5.59,8116,-288,11920
253365,5.59,7976,-208,11912
253377,5.59,8168,-220,11912
253389,5.59,8164,-216,11952
253401,5.59,7992,-248,11804
253413,5.18,8136,-212,11960
253425,5.59,8164,-152,11796
253437,5.59,8132,-212,12036
253449,5.59,8000,-192,12048
253461,5.59,8216,-352,11904
253473,5.59,8176,-244,11900
253485,5.59,8164,-212,12008
253497,5.59,8092,-224,11860
253509,5.59,8140,-268,11968
253521,5.59,7992,-184,11932
253533,5.59,8044,-244,11908
253545,5.59,8116,-264,12016
253557,5.59,8136,-232,11912
253569,5.59,7984,-164,11708
253581,5.61,8112,-244,11904
253593,5.59,8128,-212,11784
253605,5.59,8168,-136,11820
253617,5.59,7984,-300,11980
253629,5.59,8112,-260,12000
253641,5.59,8200,-204,11892
253653,5.59,8052,-200,11936
253665,5.59,8028,-312,11900
253677,5.59,8096,-184,11984
253689,5.59,8072,-252,11832
253701,5.59,7964,-244,11828
253713,5.59,8112,-312,11944
253725,5.59,8148,-168,11876
253737,5.59,8020,-252,11960
253749,5.59,8004,-168,11804
253761,5.59,8180,-116,11864
253773,5.59,8164,-288,11896
253785,5.59,8020,-216,11952
253797,5.59,8076,-204,11864
253809,5.59,8120,-124,11988
253821,5.59,7956,-268,11968
253833,5.59,8068,-336,11900
253845,5.59,8144,-248,11940
253857,5.59,8180,-228,11872
253869,5.59,7976,-252,11880
253881,5.59,8124,-196,11988
253893,5.59,8108,-248,11844
253905,5.13,7956,-224,12080
253917,5.59,8012,-152,11940
253929,5.59,8068,-228,12024
253941,5.59,8088,-124,11976
253953,5.59,7972,-264,11880
253965,5.18,8104,-256,11808
253977,5.18,8160,-132,11916
253989,5.18,8160,-380,11984
254001,5.59,8016,-276,11748
254013,5.59,8176,-196,11916
254025,5.59,8040,-248,11952
254037,5.59,7972,-240,11832
254049,5.59,8104,-112,11868
254061,5.59,8116,-184,11828
254073,5.59,8028,-244,11892
254085,5.59,8044,-272,11908
254097,5.18,8080,-288,11872
254109,5.59,8128,-232,11812
254121,5.59,7984,-332,11804
254133,5.59,8080,-232,11892
254145,5.59,8076,-200,11940
254157,5.59,8136,-324,11824
254169,5.59,7964,-244,11740
254181,5.59,8116,-108,11992
254193,5.59,8168,-192,11992
254205,5.59,8028,-320,11824
254217,5.59,7984,-368,12036
254229,5.59,8136,-116,11892
254241,5.59,8024,-204,11752
254253,5.59,8112,-208,11844
254265,5.59,8196,-252,11864
254277,5.59,8084,-204,11748
254289,5.59,8036,-296,11940
254301,5.59,8072,-200,11932
254313,5.59,8100,-132,11872
254325,5.59,8128,-212,11956
254337,5.59,8264,-216,11792
254349,5.59,8076,-152,11836
254361,5.59,7992,-220,11884
254373,5.59,8028,-208,11900
254385,5.59,8156,-240,11948
254397,5.59,8248,-216,11816
254409,5.59,8064,-180,11968
254421,5.59,8072,-200,11788
254433,5.59,8176,-264,11908
254445,5.61,8060,-240,11852
254457,5.59,7988,-204,12004
254469,5.59,8064,-204,11908
254481,5.59,8136,-176,11956
254493,5.59,8008,-260,11936
254505,5.59,8184,-128,11940
254517,5.59,8224,-248,11960
254529,5.59,8176,-192,11844
254541,5.59,8044,-232,11808
254553,5.59,8036,-312,11860
254565,5.59,8076,-220,11780
254577,5.59,8000,-200,11988
254589,5.18,8128,-212,12120
254601,5.59,8100,-236,11748
254613,5.59,8052,-256,11828
254625,5.59,8144,-148,11908
254637,5.59,8116,-260,11840
254649,5.59,8032,-240,11808
254661,5.59,8156,-204,11924
254673,5.59,8132,-208,11940
254685,5.18,7968,-288,11872
254697,5.18,8144,-208,11896
254709,5.59,8144,-208,11808
254721,5.59,8184,-268,11796
254733,5.59,7984,-264,11804
254745,5.59,8080,-264,11952
254757,5.59,8084,-168,11952
254769,5.59,8048,-276,11808
254781,5.59,7988,-296,11912
254793,5.59,8112,-188,11844
254805,5.59,8188,-232,11932
254817,5.59,8012,-200,11740
254829,5.18,8136,-248,11888
254841,5.59,8160,-200,11940
254853,5.18,7976,-240,11960
254865,5.18,8064,-236,12016
254877,5.59,8112,-316,11932
254889,5.59,8056,-212,11788
254901,5.59,7928,-288,11840
254913,5.59,8064,-220,11836
254925,5.59,8080,-132,11888
254937,5.18,8012,-248,11860
254949,5.59,7924,-280,11904
254961,5.59,8184,-212,11844
254973,5.59,7960,-144,11852
254985,5.59,8080,-280,11880
254997,5.18,8092,-164,11896
255009,5.18,8056,-188,11808
255021,5.59,8004,-312,11848
255033,5.59,8100,-264,11988
255045,5.59,8152,-180,11972
255057,5.59,8084,-248,11900
255069,5.59,8120,-272,11792
255081,5.59,8044,-308,11996
255093,5.59,8092,-252,11804
255105,5.18,8044,-204,11884
255117,5.59,7992,-228,11956
255129,5.18,8148,-288,11824
255141,5.59,8040,-208,11924
255153,5.59,8020,-272,11880
255165,5.59,8068,-280,12136
255177,5.59,8212,-196,11844
255189,5.59,7996,-240,11900
255201,5.18,8000,-316,11836
255213,5.18,8136,-132,11992
255225,5.59,8040,-172,11892
255237,5.59,8084,-276,11956
255249,5.59,8172,-284,11904
255261,5.59,8180,-132,11916
255273,5.18,7984,-208,12008
255285,5.59,8048,-256,11948
255297,5.18,8220,-268,11872
255309,5.59,8096,-264,11848
255321,5.59,8036,-212,11852
255333,5.59,8140,-224,11904
255345,5.59,8148,-184,11884
255357,5.59,8108,-248,12144
255369,5.59,8068,-208,11984
255381,5.59,8116,-244,11904
255393,5.59,8084,-220,12080
255405,5.59,8020,-240,11804
255417,5.18,8004,-312,12008
255429,5.59,8200,-132,11908
255441,5.59,7984,-200,11872
255453,5.59,8032,-376,11992
255465,5.18,8156,-176,11796
255477,5.18,8052,-248,11768
255489,5.18,8036,-260,11996
255501,5.59,8060,-252,11888
255513,5.18,8096,-196,11924
255525,5.18,7972,-268,11956
255537,5.18,8076,-268,11944
255549,5.18,8176,-244,11852
255561,5.59,8024,-216,11932
255573,5.59,8104,-252,11772
255585,5.59,8088,-232,11788
255597,5.18,8164,-184,11932
255609,5.59,8088,-252,11864
255621,5.18,8016,-268,11828
255633,5.59,8088,-144,11956
255645,5.59,8152,-156,11940
255657,5.59,8068,-208,11920
255669,5.59,8128,-228,11920
255681,5.18,8120,-240,12044
255693,5.18,8100,-224,12060
255705,5.18,7936,-332,11884
255717,5.59,8100,-284,11900
255729,5.18,8140,-228,11964
255741,5.18,8048,-196,12004
255753,5.59,8048,-248,12044
255765,5.59,8224,-292,11856
255777,5.18,8032,-144,11856
255789,5.59,8092,-216,11864
255801,5.59,8188,-176,11908
255813,5.59,8096,-240,12120
255825,5.59,7936,-220,11912
255837,5.59,8052,-244,11876
