334477,79.63,9208,-272,11292
334494,79.64,9056,-208,11332
334511,79.64,8892,-188,11100
334528,79.63,9044,-264,11564
334545,79.64,8988,-248,11416
334562,79.64,8972,-236,11508
334579,80.48,8920,-316,11160
334596,79.63,8976,-256,11104
334613,80.48,9060,-212,11420
334630,80.07,9112,-284,11504
334647,79.64,9044,-240,11600
334664,79.25,9148,-212,11360
334681,80.06,9092,-284,11364
334698,79.63,9088,-236,11284
334715,80.06,8920,-280,11348
334732,79.64,9000,-364,11404
334749,80.48,8992,-256,11244
334766,80.48,8932,-240,11428
334783,79.64,9044,-240,11332
334800,79.61,8952,-196,11356
334817,79.61,9028,-220,11216
334834,79.61,9016,-272,11036
334851,79.64,8980,-308,11552
334868,79.64,8904,-188,11444
334885,79.61,9028,-288,11272
334902,80.48,8932,-280,11576
334919,80.06,8932,-244,11272
334936,80.06,8960,-396,11400
334953,79.61,8976,-120,11436
334970,80.47,9068,-180,11492
334987,79.61,8892,-256,11500
335004,79.22,9132,-128,11896
335021,80.04,9128,-160,11784
335038,79.58,8924,-300,11768
335055,79.58,8908,-172,11420
335072,80.40,8948,-352,11432
335089,79.52,7740,-304,11480
335106,79.11,8384,-332,11568
335123,79.88,5228,-1584,10644
335140,79.01,9196,692,13192
335157,78.94,5400,468,9192
335174,78.84,4804,136,10524
335191,78.67,5272,-444,11016
335208,79.28,4740,80,9540
335225,79.03,5052,-152,10108
335242,77.90,5156,-316,10476
335259,77.96,5332,-172,10264
335276,77.59,5424,-796,11064
335293,77.59,6276,-592,12800
335310,76.73,6096,324,12740
335327,76.20,6428,748,11716
335344,75.63,6308,152,13300
335360,74.64,6032,164,11100
335377,74.84,6124,4,10596
335393,74.23,5804,-36,10608
335409,73.57,5940,-112,11680
335425,73.28,5584,312,11244
335441,71.26,5864,-124,10156
335457,70.49,5856,-220,11124
335473,70.06,5900,96,11588
335489,69.66,5988,-280,11140
335505,68.81,6084,-96,11576
335521,67.50,6080,-248,10768
335537,66.89,6220,-208,11648
335553,65.51,6040,-56,11684
335569,64.91,6100,-120,11024
335585,64.28,5752,-348,11516
335601,62.39,5680,-248,11488
335617,60.80,5716,-252,11860
335633,59.61,6280,-120,11256
335649,59.24,6092,-372,11832
335665,57.54,5840,-116,12080
335680,56.27,6384,-620,11240
335695,55.87,6248,-276,11936
335710,55.02,5584,-184,11084
335725,54.61,5660,-204,12652
335740,54.16,6580,-708,11100
335756,67.85,5636,-296,11964
335772,66.18,6132,-336,11904
335790,106.69,6080,-572,11924
335808,103.74,5708,-104,11500
335826,103.23,6520,-704,11640
335844,100.57,6248,-248,12196
335862,100.84,6416,-264,11924
335876,36.39,6336,-408,11608
335890,34.21,5932,-188,12480
335904,33.29,5992,-304,11948
335918,31.92,6060,-544,12256
335932,30.53,6160,-516,12124
335946,29.12,6696,-416,11588
335960,27.70,6312,-692,11992
335974,26.26,6228,-736,12384
335988,25.23,6064,-508,12036
336002,23.32,6160,-564,12164
336015,21.80,6288,-436,11776
336028,20.39,6472,-708,12272
336041,18.95,6400,-680,12496
336054,17.51,6540,-340,12220
336067,15.61,6964,236,12460
336080,14.59,7668,176,12152
336093,13.10,7172,-152,12912
336106,11.18,6288,-596,10984
336119,9.24,6252,-612,12440
336132,8.70,6376,-556,11664
336144,5.39,6252,-576,12904
336156,4.46,6256,4268,24236
336168,6.00,32767,-20308,-32768
336180,4.51,32767,32767,32767
336192,4.61,32767,10928,21960
336204,4.15,2876,-8440,-7952
336216,4.58,5920,-832,15816
336228,4.92,-7064,1132,23184
336241,6.52,-1992,-800,2088
336253,5.02,-10840,228,5700
336266,6.41,-15160,3196,24704
336278,5.95,-3988,-1520,12080
336290,5.44,5092,-4532,7656
336302,4.92,16132,-1200,9232
336314,5.69,15976,2688,11244
336327,6.47,7076,16,8880
336339,5.95,4196,-1364,7828
336351,4.61,10956,1640,11344
336363,5.02,15436,904,8128
336375,5.02,11120,-1400,9044
336387,4.61,8028,-880,13636
336399,4.61,7680,-396,13956
336411,5.08,7616,284,10676
336423,5.09,8204,-252,9916
336435,5.54,7548,-544,13260
336447,5.54,6596,-612,14976
336459,6.00,7232,28,12924
336471,6.00,7464,24,12208
336484,6.41,7336,-536,13952
336496,5.54,7912,-264,12300
336508,5.08,8816,-100,10192
336520,5.08,8404,-168,11320
336532,5.08,7864,-20,12284
336544,5.08,7628,-244,12368
336556,5.08,8304,-320,11924
336568,5.08,8380,-196,10656
336580,5.08,8856,-112,10672
336592,5.08,7820,-20,12320
336604,5.08,7636,-248,12668
336616,5.08,8180,-620,12948
336628,5.08,7952,-396,12184
336640,5.08,7968,-196,10840
336652,5.08,8048,-176,11616
336664,5.08,7864,-48,12840
336676,5.08,7752,-188,12552
336688,5.08,7964,-284,12008
336700,5.08,8136,-124,11388
336712,5.08,8512,-216,10828
336724,5.08,8264,-160,12060
336736,5.08,7532,-72,12664
336748,5.08,7464,-236,12516
336760,5.08,7964,-284,12512
336772,5.08,8040,-296,11400
336784,5.08,8268,-220,10820
336796,5.08,8084,-52,12312
336808,5.08,7712,-124,12584
336820,5.08,7920,-376,12204
336832,5.08,8120,-188,12168
336844,5.08,8068,-160,11284
336856,5.08,8080,-132,11224
336868,5.08,8016,-116,12600
336880,5.08,7784,-92,12476
336892,5.08,7824,-244,12180
336904,5.08,8052,-288,11864
336916,5.08,8460,-328,10968
336928,5.08,8304,-176,11632
336940,5.08,7680,-144,12492
336952,5.08,7496,-24,12212
336964,5.08,8020,-116,12356
336976,5.08,8044,-248,11744
336988,5.08,7972,-288,11212
337000,5.08,8028,-152,11708
337012,5.08,8020,-64,12200
337024,5.08,7784,-264,12288
337036,5.08,7796,-292,12212
337048,5.08,8200,-304,11540
337060,5.08,8204,-264,11528
337072,5.08,8100,-100,11936
337084,5.08,7776,-116,12300
337096,5.08,7788,-136,12368
337108,5.08,8032,-236,12040
337120,5.08,8180,-352,11308
337132,5.08,8236,-236,11484
337144,5.08,7856,-164,11916
337156,5.08,7800,-176,12404
337168,5.08,7804,-184,12476
337180,5.08,8080,-236,11768
337192,5.08,8032,-268,11424
337204,5.08,8232,-280,11524
337216,5.08,8172,-56,11904
337228,5.08,7764,-148,12408
337240,5.08,7664,-204,12356
337252,5.08,8080,-264,11780
337264,5.08,8240,-264,11624
337276,5.08,7976,-228,11520
337288,5.08,7884,-112,12000
337300,5.08,7916,-32,12612
337312,5.08,7848,-228,12172
337324,5.08,8028,-304,11700
337336,5.08,8168,-136,11660
337348,5.08,8048,-188,11512
337360,5.08,7868,-204,12148
337372,5.08,7688,-164,12548
337384,5.08,7988,-156,11932
337396,5.08,8124,-236,11880
337408,5.08,8064,-192,11576
337420,5.08,8180,-232,11680
337432,5.08,7928,-120,12248
337444,5.08,7612,-148,12404
337456,5.08,7828,-252,11924
337468,5.08,8220,-172,11788
337480,5.08,8100,-160,11416
337492,5.08,8032,-116,11444
337504,5.08,8060,-144,12360
337516,5.09,7808,-76,12308
337528,5.08,8000,-260,12008
337540,5.08,8072,-296,11860
337552,5.08,8232,-204,11596
337564,5.08,8084,-192,11888
337576,5.08,7680,-128,12404
337588,5.08,7928,-232,12152
337600,5.08,8028,-160,11932
337612,5.08,8060,-288,11640
337624,5.08,8040,-228,11456
337636,5.08,8132,16,12000
337648,5.08,7732,-96,12304
337660,5.08,7796,-204,12260
337672,5.08,8068,-276,12124
337684,5.08,8144,-264,11588
337696,5.08,8160,-216,11420
337708,5.08,7932,-88,12104
337720,5.08,7900,-44,12272
337732,5.08,7896,-156,12136
337744,5.08,7988,-264,12072
337756,5.08,8120,-200,11568
337768,5.08,8140,-172,11760
337780,5.08,7944,-116,12268
337792,5.08,7736,-120,12196
337804,5.08,8020,-160,12140
337816,5.08,8120,-260,11920
337828,5.08,8080,-324,11392
337840,5.08,8100,-96,11740
337852,5.08,7988,-88,12216
337864,5.08,7816,-176,12240
337876,5.08,8044,-144,12092
337888,5.09,8180,-216,11816
337900,5.08,8100,-216,11368
337912,5.08,8068,-144,11952
337924,5.08,7856,-140,12076
337936,5.08,7800,-112,12208
337948,5.08,7888,-260,12172
337960,5.08,8040,-276,11616
337972,5.08,8260,-260,11640
337984,5.08,8044,-180,11976
337996,5.08,7772,-156,12288
338008,5.08,7896,-200,12308
338020,5.08,8108,-212,12120
338032,5.08,8088,-268,11632
338044,5.08,8076,-260,11480
338056,5.08,8088,-140,11992
338068,5.08,7892,-216,12264
338080,5.08,7732,-248,12400
338092,5.08,8052,-188,11912
338104,5.08,8164,-312,11756
338116,5.08,8012,-208,11692
338128,5.08,8044,-180,11860
338140,5.08,7884,-156,12292
338152,5.08,7876,-140,12192
338164,5.08,7904,-236,11972
338176,5.08,8160,-216,11788
338188,5.08,8148,-200,11780
338200,5.08,7840,-168,11972
338212,5.08,7820,-200,12276
338224,5.08,8060,-156,11984
338236,5.08,7940,-264,11820
338248,5.08,7996,-208,11812
338260,5.08,8144,-116,11720
338272,5.08,8000,-172,11960
338284,5.08,7648,-216,12360
338296,5.08,7868,-216,12108
338308,5.08,8116,-220,11828
338320,5.09,8048,-176,11588
338332,5.09,7984,-284,11728
338344,5.08,7968,-172,12024
338356,5.08,8032,-136,12112
338368,5.08,7776,-280,11940
338380,5.08,8056,-264,11828
338392,5.08,8112,-180,11656
338404,5.08,8084,-148,11904
338416,5.08,7720,-196,12200
338428,5.08,7884,-200,12164
338440,5.08,8180,-204,11908
338452,5.08,8060,-292,11876
338464,5.08,8020,-292,11640
338476,5.08,8256,-200,12016
338488,5.09,7972,-220,12160
338500,5.09,7772,-184,12252
338512,5.08,8032,-268,12024
338524,5.08,8184,-204,11776
338536,5.08,8084,-112,11724
338548,5.08,7924,-196,11880
338560,5.08,7888,-200,12104
338572,5.08,7976,-160,12196
338584,5.08,7960,-272,11932
338596,5.08,8096,-236,11696
338608,5.08,8140,-120,11716
338620,5.08,7912,-192,12000
338632,5.08,7804,-200,11948
338644,5.08,7928,-260,11932
338656,5.08,8048,-184,12000
338668,5.08,8052,-220,11576
338680,5.08,8036,-196,11844
338692,5.08,8064,-148,12064
338704,5.08,7864,-176,12240
338716,5.08,7984,-272,12136
338728,5.08,8088,-244,11900
338740,5.08,8144,-212,11588
338752,5.08,8000,-320,11908
338764,5.08,8000,-40,12056
338776,5.08,7896,-176,12160
338788,5.08,7924,-336,12092
338800,5.08,8076,-304,11836
338812,5.08,8236,-260,11696
338824,5.08,8104,-236,11832
338836,5.08,7876,-164,11948
338848,5.08,7912,-216,12088
338860,5.08,7992,-188,12152
338872,5.08,7936,-260,11740
338884,5.08,8108,-252,11660
338896,5.08,8108,-176,12008
338908,5.08,7876,-204,12052
338920,5.08,7872,-164,12228
338932,5.08,8028,-268,12000
338944,5.08,8188,-148,11748
338956,5.08,7988,-188,11652
338968,5.08,8020,-120,11848
338980,5.09,8060,-172,12112
338992,5.08,7840,-148,12140
339004,5.08,7832,-316,11992
339016,5.09,8052,-180,11696
339028,5.08,8108,-164,11732
339040,5.08,7996,-108,12052
339052,5.08,7844,-236,12096
339064,5.08,8000,-196,12084
339076,5.08,8036,-192,11948
339088,5.08,7896,-136,11700
339100,5.09,8020,-172,11800
339112,5.08,8100,-176,12008
339124,5.08,7896,-172,12224
339136,5.08,7800,-208,12024
339148,5.08,8120,-188,11828
339160,5.08,8128,-228,11724
339172,5.08,8064,-140,11744
339184,5.08,7944,-152,11992
339196,5.08,7908,-104,12200
339208,5.08,7896,-192,12148
339220,5.09,7904,-208,12008
339232,5.08,8108,-76,11804
339244,5.08,8192,-240,11812
339256,5.08,8420,212,11748
339268,5.08,8048,-472,10800
339280,5.95,7488,-256,13268
339292,5.54,7704,-268,12600
339304,5.54,8208,-156,10684
339316,5.54,8236,-184,11316
339328,5.54,7856,-404,12640
339340,6.00,7056,-20,11476
339352,6.00,7272,-260,11592
339364,6.00,7680,-288,12204
339376,5.54,7956,-248,11820
339388,5.54,8188,-4,11728
339400,5.54,8396,20,12076
339412,5.54,8560,-220,13624
339424,5.54,1748,-528,15512
339436,5.08,-1060,36,9364
339448,4.61,8948,-1220,9948
339460,4.10,12264,-744,13580
339472,4.51,14484,1688,12060
339484,4.51,15696,-2352,8324
339496,4.10,8236,-356,9508
339508,4.56,4888,-104,14312
339520,4.56,3692,-148,14972
339532,4.12,3976,-668,11852
339544,4.10,6148,-1296,13020
339556,4.48,8700,-900,16448
339568,4.87,11736,616,14988
339580,5.23,7464,1244,12716
339592,5.64,9224,-40,13056
339604,6.00,10488,-2160,14140
339617,7.70,11944,-488,14172
339630,10.58,12780,292,14440
339643,9.74,12720,512,14564
339656,9.40,13264,896,13084
339669,9.55,11672,1284,8152
339682,9.76,9544,1648,5688
339695,9.50,6804,1336,6224
339708,9.60,5412,-284,7032
339721,9.66,5248,-1252,6356
339734,10.12,2296,-2192,6168
339747,9.66,11416,-4124,22892
339760,9.60,12208,-192,13928
339773,9.60,8872,2748,6860
339786,9.55,11508,1608,7452
339799,9.55,11992,1116,7420
339812,9.55,14096,-1812,6276
339825,9.60,12820,-1352,3920
339838,9.66,12296,-288,6024
339851,10.12,14236,-2644,13584
339864,10.20,11208,-1348,11736
339877,10.32,4084,2892,11116
339890,10.43,12440,-1372,21016
339903,10.48,24704,-1128,17828
339916,10.68,10788,2564,8644
339929,10.43,11192,2592,7020
339942,11.04,16704,2264,9524
339955,11.76,19944,1604,10024
339968,12.59,16568,340,9044
339981,12.18,16420,-1308,12792
339994,13.57,17584,-1192,10672
340007,13.77,16760,-616,12480
340020,14.49,17236,-208,14492
340033,15.66,16012,8,15248
340046,16.48,16992,540,15908
340059,17.42,15364,640,14476
340072,17.15,15052,360,16184
340085,18.09,15964,148,15996
340098,20.46,16168,224,16184
340111,20.82,15512,464,16308
340124,14.49,14648,496,15936
340137,14.59,14180,848,16148
340151,26.41,14100,1416,15356
340165,27.13,14384,1708,16476
340179,28.73,14776,2260,16760
340193,31.28,14000,2360,16976
340206,16.34,13852,2044,17424
340219,16.55,13132,1588,17992
340232,17.20,12576,1028,18400
340245,17.42,12052,456,18980
340260,41.45,11864,-44,18936
340275,43.85,11424,-524,19008
340289,24.25,11016,-748,18636
340303,25.00,11016,-1100,17572
340317,26.57,9580,-1952,16632
340331,26.87,6944,-2700,16056
340345,28.47,7100,-2380,14612
340359,30.06,6124,-1656,14804
340373,32.12,6436,-988,13516
340387,33.77,6540,-964,13424
340404,85.92,5876,-368,13360
340421,87.38,6000,108,12752
340438,90.14,6696,1032,12524
340456,94.77,9028,1560,11992
340474,94.48,9560,2016,11636
340492,100.16,8824,2164,10656
340510,98.29,7620,1768,8704
340528,98.27,7072,2492,8244
340546,100.26,6644,1380,10456
340564,102.33,5096,1300,9248
340582,104.12,4176,240,8032
340602,141.57,980,-464,6928
340626,200.50,3920,52,6960
340650,202.23,4684,488,5912
340674,205.90,3888,632,6032
340712,435.75,1060,268,5200
340784,1020.27,-2756,-1528,5604
340808,196.97,-4240,-2148,7596
340832,195.60,-2508,-560,6012
340856,195.08,-2408,756,11064
340880,196.74,-3452,1468,14104
340904,196.20,-4860,852,9412
340928,196.61,-6048,-740,7220
340952,198.25,-3800,-2216,7612
340976,198.08,-3156,-2732,7852
340997,149.19,-3632,-3184,7928
341018,150.68,-3132,-4044,8140
341043,212.35,-4108,-1460,8920
341067,211.17,-3560,-1184,9508
341094,249.48,-3244,-1900,9660
341120,233.34,-1096,-1572,10192
341144,200.17,-408,-1668,12296
341168,200.74,-724,-2980,14372
341192,201.44,24,-3968,15572
341216,203.36,548,-3884,15508
341238,173.34,-392,-3296,16124
341264,235.09,-480,-2892,16060
341288,203.47,-164,-3124,14608
341312,202.78,-200,-1984,13548
341334,165.96,408,-1096,13028
341356,169.51,-2412,-2616,15320
341378,163.97,1016,-8908,32767
341396,102.87,3308,-6588,26432
341539,2240.24,916,792,8140
341682,2240.54,908,100,12472
341704,168.50,736,-796,14060
341847,2240.15,744,-472,13972
341869,163.30,-544,-2764,12424
341891,163.63,-1272,44,11452
341913,165.05,-892,2308,13248
341935,166.46,-500,624,12668
341957,164.83,1212,-2288,10844
341979,164.97,2120,-1092,14784
342001,161.26,644,724,9540
342023,161.40,1588,1408,10844
342045,161.47,3336,-524,11364
342067,163.32,2612,-1256,8124
342210,2240.01,3812,-1424,17368
342231,158.65,2664,1912,13432
342252,157.27,1688,2476,12728
342395,2240.63,2924,-548,11684
342538,2240.03,4828,232,10684
342560,165.33,2380,-2248,8924
342703,2239.93,5020,-1024,13552
342846,2240.17,2372,568,13652
342867,143.41,3280,384,13124
343010,2239.84,-1348,-2820,17184
343030,141.14,-1248,-604,17244
343173,2240.17,1696,-60,13044
343316,2240.37,5280,140,11740
343337,143.55,3488,-580,11968
343358,143.94,2800,16,10948
343501,2240.08,2152,736,9912
343644,2240.41,5344,1360,15848
343664,140.65,5432,960,16436
343684,140.24,5076,1196,16492
343704,138.95,5908,1956,16368
343724,142.41,6752,2244,16336
343744,141.66,6288,3112,14556
343764,140.53,6572,2744,16484
343784,141.68,5900,3440,14192
343804,141.09,5764,3732,14256
343824,142.69,5088,3008,12300
343844,140.87,4372,3548,10916
343864,140.00,2724,3192,9604
343884,141.28,-7356,-5936,4220
343904,141.56,-756,-808,19148
343925,143.79,548,1984,9344
343946,148.14,1264,1020,13132
343990,541.39,-2700,-412,15964
344011,147.58,-3396,-1044,14788
344032,147.40,-3408,-652,14860
344053,147.13,-2056,232,15624
344074,146.75,28,524,15620
344094,142.95,1176,1336,15908
344237,2240.37,1280,2640,9744
344258,143.56,548,2404,8964
344401,2240.32,-1764,1144,9940
344544,2240.25,288,-76,10268
344687,2240.12,4332,2296,19924
344707,137.47,2892,2232,18292
344727,138.57,1384,2064,17764
344747,138.47,1180,2084,16688
344767,138.38,-12,1860,15684
344787,140.42,-356,1708,12796
344930,2240.46,-3472,-2728,9240
345073,2239.98,2896,-1944,12356
345093,138.40,4620,-11440,32767
345113,136.96,3480,-6956,15644
345256,2239.93,2248,-2600,8200
345399,2239.91,-296,-2352,14680
345542,2239.98,-184,-2196,13812
345685,2239.77,-4040,-2488,12336
345705,141.18,-3744,212,13656
345848,2239.69,-2260,-948,12944
345991,2239.94,-2316,-1008,13264
346134,2239.72,1368,-2508,14084
346277,2239.93,-4212,2588,8280
346420,2239.91,-1560,820,13536
346440,142.96,-2264,-620,13352
346460,142.96,-2948,-1972,13892
346603,2239.98,-1816,-1132,13820
346624,144.63,-2156,-1132,13300
346767,2239.89,-2364,-968,13476
346910,2239.77,-2144,-964,13748
347053,2239.79,-2240,-900,13672
347196,2239.76,-2248,-952,13464
347339,2239.48,-2416,-968,13432
347482,2239.67,-2208,-980,13512
347625,2239.84,-2204,-964,13616
347768,2239.79,-2092,-956,13576
347911,2239.70,-2208,-1048,13720
348054,2239.64,-2304,-992,13656
348197,2239.82,-2220,-1012,13604
348340,2240.10,-2308,-1036,13540
348360,142.19,-2196,-972,13576
348381,143.89,-2180,-896,13604
348402,144.27,-2120,-964,13632
348422,142.91,-2284,-1052,13536
348565,2240.00,-2256,-1004,13660
348585,142.95,-2220,-1044,13620
348605,141.13,-2212,-920,13632
348625,141.90,-2200,-1060,13652
348646,145.60,-2520,-404,13264
348666,142.45,-1600,-716,13340
348686,140.63,-8076,2244,11196
348706,140.85,-7096,1100,3700
348726,140.87,-1032,-364,7264
348869,2239.88,4372,-820,6432
348889,140.13,10544,-428,10492
348909,140.51,4272,-872,6152
348929,137.54,3420,144,17804
348949,136.02,3932,-2684,32767
348969,135.79,6788,24,8160
348989,136.09,6876,-1180,10748
349009,137.30,7116,480,13328
349029,137.25,6312,212,13892
349049,139.04,10184,472,22960
349069,138.26,360,976,4060
349089,138.86,8664,304,29716
349109,139.50,7804,-580,6672
349129,139.36,4324,2260,10532
349149,140.54,1608,2716,8648
349170,144.71,3868,1680,12096
349198,277.26,4460,2868,8408
349222,209.50,1428,4204,8816
349246,208.77,1080,3676,12072
349389,2239.77,15260,-5632,32767
349532,2239.84,1380,4296,3688
349675,2239.65,-468,-1748,15464
349818,2239.93,2164,-708,13084
349961,2239.62,1524,4724,-10344
350104,2239.93,1160,64,10452
350247,2239.96,3408,-1256,11860
350268,157.04,5980,1576,15932
350290,167.33,2296,3044,4064
350311,155.84,2940,-2996,17088
350332,154.16,-2044,-296,17944
350354,169.77,1816,-424,14588
350376,169.25,-156,-840,10620
350397,154.90,1868,-740,9024
350418,154.92,3068,-112,11040
350439,157.09,768,3908,16680
350461,166.53,-7192,5992,24896
350483,168.12,-748,-992,12300
350505,167.88,5768,-20,5048
350648,2239.86,-1744,760,17148
350669,153.58,1844,-1352,6168
350690,151.78,2956,720,13800
350711,153.06,220,-1432,9272
350732,154.76,-1232,1796,11868
350754,165.05,-104,2072,14432
350775,157.76,552,1292,14460
350796,156.48,1004,1780,13004
350818,165.96,-272,1836,14276
350840,163.30,104,1536,14064
350862,165.77,1416,1092,15392
350884,164.37,308,788,15596
350906,163.46,-688,920,15940
350927,153.97,-744,480,14860
350948,152.60,-488,336,14132
350969,154.26,-1640,1708,15196
350991,164.93,-604,-1536,11200
351012,157.18,-388,-3304,8760
351033,153.66,-1744,-240,6444
351176,2240.17,1144,-1452,19216
351197,151.23,-28,-1084,13648
351218,153.77,-1924,628,9968
351240,162.08,-1928,228,9992
351262,161.50,-672,228,11336
351284,162.20,-176,-56,15508
351306,162.07,1892,716,15188
351328,162.82,1124,1004,11592
351350,163.11,-2044,-3916,16644
351372,162.14,380,-1960,18896
351394,162.38,-100,-1500,12624
351416,160.46,3472,-1232,15060
351438,161.18,3280,1420,14044
351459,160.16,2496,752,9056
351481,160.95,540,-276,11836
351502,159.65,1392,280,12108
351524,160.47,2204,-428,13092
351546,160.90,-1972,-2944,17404
351567,151.83,-1884,-516,13632
351588,149.63,-772,-440,15012
351609,159.44,540,368,14964
351630,151.18,624,-1100,12504
351651,150.70,-424,-692,13432
351672,152.33,576,-1724,15460
351693,150.99,12,276,13612
351714,150.95,-128,1300,13828
351735,150.49,-244,-124,12348
351756,152.62,1312,-824,14852
351777,153.01,936,-324,14020
351798,150.89,-40,-232,14280
351819,149.57,1616,-1512,15588
351962,2239.65,-2400,816,16232
352105,2239.33,-1108,-3300,14720
352131,242.04,-3652,-5184,19396
352157,243.41,-2116,-7420,16084
352183,242.30,-3680,-7140,12940
352209,244.70,-5564,-6164,9412
352237,263.37,-10336,-7296,8624
352264,262.89,-7832,-6588,8096
352292,263.72,-9848,-7096,3864
352320,264.50,-11820,-7180,2416
352348,275.58,-8624,-9652,3984
352491,2239.77,-7784,-10564,3756
352512,149.33,-8112,-10720,4908
352533,145.91,-7944,-10768,7032
352554,149.43,-8052,-10300,6756
352575,146.56,-8584,-9668,6272
352596,149.69,-10112,-9112,4952
352624,263.84,-11640,-7172,5584
352645,150.15,-12532,-4260,6820
352666,145.23,-13844,-2356,6164
352687,147.82,-16188,956,6264
352708,146.99,-14064,108,7872
352729,146.55,-9700,-960,8588
352750,146.07,-7772,-3320,10212
352771,146.51,-6332,-5036,9312
352792,146.14,-7620,-7128,11672
352813,148.90,-7600,-5828,10580
352834,147.28,-9372,-5420,10596
352855,149.15,-10380,-4892,9244
352880,219.25,-7100,-2548,32767
352905,218.68,-11608,-4868,16704
352927,163.06,-10124,-5932,14096
352948,159.43,-8296,-6644,9420
352973,219.83,-8748,-5604,6652
352998,218.70,-7824,-3184,7832
353023,218.03,-8172,-2244,11228
353048,217.80,-8288,-3984,4088
353073,213.60,-6556,-1068,13548
353098,212.99,-7876,300,11568
353123,213.72,-5600,-1848,10904
353148,212.83,-6860,-4540,12340
353173,216.38,-7672,-3260,12984
353198,216.84,-9780,-612,8620
353223,212.03,-7620,-1236,10420
353248,213.16,-8316,-2876,12452
353273,217.02,-6444,-4232,13596
353298,212.83,-6488,-2924,13452
353323,212.68,-7540,764,13232
353348,215.23,-4476,2508,11312
353373,213.48,-5856,44,10120
353396,188.26,-6240,-2064,9672
353420,205.82,-6936,-1784,11780
353444,204.77,-6776,-28,12708
353468,204.19,-5640,464,11448
353492,204.07,-2180,1028,10816
353516,202.52,-2696,1876,12064
353540,203.76,-4128,92,13596
353564,202.94,-5408,-4008,18760
353588,201.79,-2512,2348,11632
353612,202.95,-4088,3132,11952
353636,201.96,-3504,2704,15744
353660,202.30,-2740,2308,13436
353684,202.16,428,412,11024
353708,202.10,-592,-9708,30972
353732,201.14,-1240,-2848,18696
353756,202.34,-2836,856,18060
353780,201.38,-3480,1108,15340
353804,201.68,-2972,-264,17172
353828,200.72,-784,-312,15636
353852,200.62,724,316,14880
353876,201.86,-24,2892,13688
353900,201.39,-324,3152,12076
353924,201.02,1100,3240,11352
353948,200.88,792,2544,10952
353972,200.88,1852,1920,11276
353996,201.75,1036,208,14628
354020,200.47,316,-180,15788
354044,201.02,36,796,14984
354068,201.51,-564,1324,12916
354092,201.62,-2452,1668,12616
354116,202.47,-1528,2308,11952
354140,202.42,-676,1892,11228
354164,201.89,-476,1016,11704
354188,201.86,180,1312,12740
354212,201.20,-1428,1464,11524
354236,201.53,384,1568,11108
354260,201.31,2796,-980,12592
354284,200.74,8332,2044,13872
354308,200.95,6876,2884,14080
354332,201.38,7884,156,15696
354357,213.35,12200,-1240,15912
354380,184.96,10720,-1432,13600
354405,215.01,8264,-1820,12988
354428,185.03,1636,-260,16344
354452,201.32,4064,584,17656
354481,283.37,7604,2372,15072
354500,114.90,5296,2528,12796
354524,207.34,5332,4380,11560
354548,201.50,4844,4920,11580
354572,201.02,3600,4884,11180
354596,202.32,1420,5124,12196
354620,203.52,5448,5452,10960
354644,201.91,4720,2972,12360
354668,202.15,4488,3680,14312
354692,200.91,6520,3876,13416
354716,200.88,4960,4680,12292
354740,201.79,2536,4220,13116
354764,203.06,1712,1924,14180
354788,201.82,6172,1976,13004
354813,213.40,5356,3580,9740
354836,185.91,5092,4984,9800
354860,203.54,5528,5536,9172
354885,213.91,6928,7552,7696
354908,185.72,4412,7424,9580
354932,203.07,4352,7884,8868
354956,201.98,5940,4444,11600
354975,116.11,5348,4660,11528
354999,201.50,4076,3292,13232
355023,200.33,2448,2520,17844
355047,200.98,3152,2708,18248
355071,201.75,5132,3388,15676
355095,203.04,4820,2952,13936
355119,203.04,3488,3692,12700
355143,203.09,4652,4940,11080
355168,214.29,5988,4728,10336
355193,214.39,6752,3972,10104
355218,215.46,7004,2704,12052
355243,215.30,4688,3712,11348
355268,215.66,2104,4228,13944
355292,202.95,156,4728,16068
355316,201.79,664,4504,14992
355340,203.24,1728,3956,14644
355364,204.09,3096,3092,12768
355389,217.07,1460,4120,12116
355414,219.13,2600,3208,8976
355436,171.31,1324,3804,7868
355460,202.01,2808,3428,11632
355485,215.23,6936,2096,11664
355508,192.65,7200,2436,13616
355533,218.85,7472,-916,14444
355558,218.46,8136,-1168,15232
355583,216.48,3440,2712,14576
355611,271.31,1372,5136,13604
355640,282.65,1188,5652,12992
355665,217.43,2472,4564,13576
355694,281.64,6276,3108,12360
355719,216.42,8360,3796,11200
355748,281.14,9352,2544,12132
355777,280.64,6400,1656,11900
355806,280.69,4736,1384,15556
355835,281.65,4956,1088,17912
355863,272.44,3464,928,14440
355892,283.11,1952,2180,13168
355921,281.33,4140,3300,11148
355950,281.71,6896,3984,11080
355971,152.48,5028,4092,9868
355996,217.68,5648,4768,10328
356021,215.59,4848,4280,10792
356043,168.48,4272,4304,12440
356071,265.62,3960,3276,13572
356096,216.38,3772,3444,13240
356115,117.72,3196,3116,14536
356139,202.97,2352,2120,16228
356163,203.48,2776,1844,15412
356187,202.22,1620,3648,13172
356215,265.07,4604,3280,12808
356240,217.15,6208,3224,11788
356259,117.75,4380,3988,12696
356287,264.90,5448,4096,11624
356315,267.03,4756,3344,13020
356343,266.56,3620,4120,12936
356368,219.42,5872,3804,11964
356393,218.58,5224,3348,12268
356418,219.07,4808,3616,14320
356443,218.30,4232,4116,14316
356468,217.56,924,4720,15184
356493,217.98,2860,4200,14128
356516,186.68,4136,4020,12688
356541,217.86,4692,4612,11828
356564,186.18,5636,5320,10372
356589,219.11,4816,4924,10328
356612,185.79,2980,5224,12040
356637,217.43,4192,4132,13772
356662,217.44,4524,3732,15196
356684,171.14,3080,5816,13408
356709,217.65,1908,8320,11152
356734,217.72,6396,5632,10692
356763,283.15,948,5788,14108
356790,246.96,3116,6088,12424
356816,240.96,4388,4912,10808
356845,284.02,3764,3048,13500
356874,283.85,3228,2596,14952
356900,237.53,2696,1492,14836
356924,203.64,1948,1032,14824
356953,283.11,1116,252,14352
356972,117.49,1240,156,16056
357001,283.20,2604,2584,14168
357029,266.15,2172,4996,10916
357058,284.93,976,5196,11244
357087,284.90,1656,6592,13044
357112,226.09,228,7484,11044
357141,285.26,200,7252,10464
357170,284.71,1064,7788,10112
357197,247.29,2136,6872,11184
357226,284.78,3436,6388,12928
357253,250.34,4240,6060,13104
357282,284.43,6004,4560,10400
357307,219.06,9192,3676,9804
357336,283.11,7968,3156,10596
357356,135.50,5064,4208,12116
357381,218.78,-5124,8264,14144
357406,218.90,-4148,7628,9036
357431,218.32,2188,3772,19156
357456,219.93,2152,3868,17264
357476,134.64,1980,5440,14244
357500,202.83,2172,5776,12312
357524,204.50,2516,6652,10756
357549,219.35,2648,6544,11236
357578,282.43,3172,5792,11152
357607,282.27,3060,5820,11948
357632,218.83,3724,6348,14568
357660,266.00,3188,5576,12612
357688,264.98,2124,4444,9312
357716,264.32,2620,4752,8964
357745,280.73,3260,6524,8584
357773,279.89,2868,6732,13256
357800,251.66,5552,7064,14272
357826,244.03,7168,5316,13832
357854,265.43,6816,4156,13872
357882,265.45,5144,5552,13244
357910,268.36,8888,4192,13472
357938,278.55,13580,2616,11232
357966,278.62,12104,2260,9812
357994,278.81,15620,-376,9300
358022,278.17,14020,-36,9136
358050,278.04,13192,192,6948
358078,277.92,13680,1016,5804
358106,279.53,13856,1116,5352
358135,280.73,13984,384,5792
358165,313.78,14720,-116,6396
358195,314.21,14932,124,6216
358225,314.70,15464,412,5832
358256,315.23,15548,1036,5348
358286,314.05,14904,2388,4556
358316,314.22,14708,3116,3780
358350,381.35,14508,4100,2680
358384,381.23,13868,4544,2320
358527,2240.03,13036,3300,3524
358558,321.70,14632,3512,3912
358701,2239.58,13976,3476,5452
358724,191.91,14216,3304,5324
358747,191.60,14272,3172,5992
358770,191.29,14388,3452,6400
358793,192.61,14936,3024,5476
358816,193.13,15512,2704,4116
358959,2239.77,14372,2776,3780
359102,2239.77,14136,3164,4908
359125,194.57,14148,2796,5268
359149,195.41,14396,2988,4024
359292,2240.01,11052,4396,7360
359323,319.40,10692,5620,8372
359353,302.75,11716,3968,5992
359384,319.13,14732,1972,7272
359415,318.99,15668,2452,11184
359446,318.54,11768,6008,11856
359471,212.59,11944,7816,12380
359496,214.56,11748,9384,5308
359521,216.55,5100,6208,6140
359552,320.46,3944,12692,10656
359577,215.18,14568,6124,5724
359602,213.52,14244,2516,9580
359633,321.32,11168,3904,9300
359664,322.03,12220,4420,8836
